dirtyCache=false
sortingAscending=true
sortingColumn=-1
table_col_0=0.017301038
table_col_1=0.666955
table_col_2=0.11678201
table_col_3=0.21626298
